,WSR0,WSR1,WSR2,WSR3,WSR4,WSR5,WSR6,WSR7,WSR8,WSR9,WSR10,WSR11,WSR12,WSR13,WSR14,WSR15,WSR16,WSR17,WSR18,WSR19,WSR20,WSR21,WSR22,WSR23,WSR_PK,WSR_AV,T0,T1,T2,T3,T4,T5,T6,T7,T8,T9,T10,T11,T12,T13,T14,T15,T16,T17,T18,T19,T20,T21,T22,T23,T_PK,T_AV,T85,RH85,U85,V85,HT85,T70,RH70,U70,V70,HT70,T50,RH50,U50,V50,HT50,KI,TT,SLP,SLP_,Precp,Ozone
WSR0,1.0,0.920074371623262,0.8601751980426336,0.8035394982827765,0.7541845777711234,0.7035018269387623,0.6666966873770763,0.5978707464809971,0.5436681669658935,0.5015770285361457,0.46852185236765026,0.44213596728014937,0.4167314610809887,0.38671269104518363,0.34510551329179046,0.33187453926947424,0.3072535462936986,0.2570652686277197,0.24475713961422613,0.2646579887296205,0.2794645060106713,0.3261474894120667,0.3355063372542281,0.34733320255552863,0.5080923837959863,0.6862222421039428,-0.005999031810775626,0.0006353882759276803,-0.0020510176934607654,-0.004188064292984281,-0.011315693968901903,-0.02105442855808427,-0.040007460393936246,-0.08469485751324558,-0.14932581596153716,-0.20378828790406078,-0.24079417932096298,-0.25590059907664775,-0.263583718705733,-0.2627564880619918,-0.26099426030637357,-0.2587089643867651,-0.2584864674803479,-0.25018969247680983,-0.24073423520572046,-0.23294205130310716,-0.2238046053865424,-0.21839165297780577,-0.21357342620481407,-0.20564426710837488,-0.24655462924304256,-0.16939741421427093,-0.039468006389576975,0.14749203040799905,0.2098322025098527,0.42488269186906025,-0.24387763865627166,-0.018159343714067293,0.08460220471538002,0.23284297488927508,0.42668669398430825,-0.19541089891457564,-0.1303148889255854,0.13390469543388459,0.2383983560548239,0.35830042205088053,-0.15947174447164564,0.1060469475229014,0.16370530677367828,-0.1261738858839339,-0.1260179074428737,0.1041766430974323,-0.12405081073700944
WSR1,0.920074371623262,1.0,0.9250516882334968,0.8517951048387995,0.8025571926024844,0.7471079253421401,0.7099249639233012,0.6417758188672191,0.5769506874057503,0.5279540423226979,0.4872123952632138,0.46245426021424946,0.429628524485868,0.395454068000093,0.35139362753266734,0.3386770381853868,0.31243198123543603,0.2590341483587398,0.23985373029803186,0.25348190112783864,0.26340005912491543,0.3141591474795659,0.3253646531654074,0.3396492598190103,0.5182992922468552,0.7076494970536279,-0.03326597433323294,-0.025075189632609865,-0.025630411892751427,-0.029212426207565464,-0.03795520460762555,-0.048545902756586906,-0.0683088179642448,-0.11437817852805297,-0.1817492666610959,-0.23780945859136973,-0.27691565756180025,-0.2927159182545151,-0.3014804135465734,-0.2986458293026573,-0.29654886743779163,-0.29406563855438284,-0.2944707533181143,-0.2855712429151145,-0.2762243456876769,-0.2682753878105603,-0.2597094600173528,-0.2541321601149752,-0.24869119414400745,-0.24065044431506719,-0.27983781039663774,-0.20273923918471037,-0.061025287918648724,0.14593313853678389,0.20857272255360856,0.38918632539946146,-0.2526420026297557,-0.042947944921308746,0.09297053719858775,0.24782517453018635,0.418880536720137,-0.21410824926870686,-0.14644651463425287,0.12296863482991323,0.24877946084099387,0.3602804572485994,-0.17978598239345725,0.10264020403804118,0.15610838640648161,-0.11393346559847825,-0.11446778810033144,0.11642610633369514,-0.12732389559147778
WSR2,0.8601751980426336,0.9250516882334968,1.0,0.9174162221293026,0.847347395162462,0.7860744574909527,0.7473863912530966,0.6746567840651291,0.6083644348035823,0.5614793639639322,0.5166398852873468,0.4927430094950826,0.4663349621078021,0.4313965853318125,0.38886554103944737,0.3621177137852161,0.3298094155934277,0.26697749586818026,0.24154837335923943,0.2571784592032416,0.2655408579879126,0.3198129093487989,0.33410223915593007,0.3494590761415086,0.5360793867078095,0.7347911950347812,-0.06721526505817238,-0.05646200321614608,-0.05341914905516976,-0.05487311232599371,-0.06404514928652744,-0.07487430813161526,-0.0953304955657076,-0.1442468340865378,-0.21327556163850345,-0.2705411710002629,-0.3087980576376052,-0.3250999548517951,-0.3333677346508057,-0.3304187465091713,-0.3305651831530462,-0.33082403290114515,-0.33146102951326084,-0.3224605676207643,-0.31174503731720515,-0.30169110756577655,-0.291710554696958,-0.28576176910754664,-0.2796536940329923,-0.2718228246480187,-0.3147412590046819,-0.23583771422042454,-0.09269021283374598,0.1417138433194127,0.22000024714676328,0.3899151747269366,-0.2577688786863281,-0.06799879671879827,0.08849425856019874,0.26871839548708815,0.423251933529843,-0.23348997712614944,-0.17106979775120357,0.11032026012562628,0.28275696411335355,0.37485987977661017,-0.20336960980630592,0.08953260069428778,0.14077476457358806,-0.09464496839437744,-0.12744074519850332,0.11047195256726373,-0.1325209775450828
WSR3,0.8035394982827765,0.8517951048387995,0.9174162221293026,1.0,0.9136903538401103,0.8460657482038364,0.789118872855542,0.7085198936022062,0.6265372289218043,0.5755968221736432,0.529826759058772,0.5074470588639145,0.4807404236853272,0.4434631510682617,0.39927353698311846,0.36410309095902127,0.32477536201318447,0.2587145765239435,0.23963493360015964,0.25953069690585695,0.268701311347615,0.3169014681979107,0.3342016855802827,0.3482875553093447,0.5337697829107073,0.7424398426711489,-0.09654403148296387,-0.085816879805516,-0.07804954641130787,-0.07785982225156339,-0.08562977537704422,-0.09635131944912548,-0.117753411549837,-0.16933799544039865,-0.24097903241437216,-0.2985402315400961,-0.3366859938404222,-0.35335100171973094,-0.3611366270380416,-0.35872088863492213,-0.35851532335345576,-0.35808525467868063,-0.3579741689499932,-0.34678698709311706,-0.3342651594303175,-0.3237597475128959,-0.3124230911281296,-0.3057120644920275,-0.29796557657996453,-0.2902275104851652,-0.3443899960293203,-0.2617968922800301,-0.1109806205335431,0.14584013381932073,0.21999497677969845,0.3658585235036796,-0.277244486345235,-0.08543015415545868,0.08937811642269979,0.2723247307406253,0.4105077567528768,-0.257125535693089,-0.18741704999951098,0.10969800682536181,0.2964083527273845,0.3688033539580871,-0.22549877803639426,0.08239453329821311,0.13469349436013192,-0.09440410167751018,-0.11963138072747732,0.11713714584308603,-0.13470530948975054
WSR4,0.7541845777711234,0.8025571926024844,0.847347395162462,0.9136903538401103,1.0,0.9144698925924428,0.8360968774249724,0.7355378288205914,0.6294983489645236,0.5690869683023136,0.5265713783283893,0.5047518800062805,0.4829341243180836,0.4400486259511601,0.39197487501056594,0.358996465542272,0.3147334909750377,0.24139210650367793,0.22063998389705625,0.23824542429768714,0.24806206295021224,0.2937540589703164,0.3124533686252465,0.3322263037072859,0.5251904799729634,0.7305061409943673,-0.12325406882837855,-0.11289915966021692,-0.10603152187171531,-0.10447806116075739,-0.10881993862061959,-0.11851888463099135,-0.1419942165565544,-0.1956286202600318,-0.26746154982580594,-0.32436998556667795,-0.360752324408149,-0.37468167417012477,-0.3823193069391484,-0.3820622263303018,-0.3814708955636505,-0.3811159127365592,-0.37980023168656296,-0.36731716157763766,-0.35497550988053106,-0.3445000701279093,-0.33297334607197027,-0.3251926383446895,-0.3167114827582203,-0.30883721362416383,-0.3669518487846334,-0.28590741701633776,-0.13111898392674956,0.15411988932823067,0.18775148411986758,0.3372110754446218,-0.26987297596140775,-0.10907648617895835,0.09878646278245033,0.2575697572466984,0.39558296840205087,-0.2634567519483166,-0.1898932113525827,0.11149888070117853,0.28881285856109934,0.3579477129190933,-0.2341487034776389,0.0786753689110602,0.12240160498512921,-0.07525933767303572,-0.11043234132248636,0.14127327059002828,-0.12273893967075714
WSR5,0.7035018269387623,0.7471079253421401,0.7860744574909527,0.8460657482038364,0.9144698925924428,1.0,0.9038723039137193,0.7574884835392957,0.6497721559236077,0.5847750769797712,0.5384838614243599,0.5089255132379423,0.4827928199707099,0.44499348179989207,0.40028895558044736,0.36968007832524025,0.31770555693031943,0.24662970394331843,0.22442336536263027,0.2465548200168494,0.25341714914712216,0.2994356001888975,0.3211269412547089,0.3452575086799935,0.527875921165602,0.7294528014041161,-0.13323167037641437,-0.12227980179045105,-0.11630423897094275,-0.11409205022049333,-0.11678789135033948,-0.12399864331133843,-0.14835892896046696,-0.20319729726217192,-0.27566857164997943,-0.33333947896632843,-0.3701270082529714,-0.38455555456705454,-0.3930893850020219,-0.39308209428812463,-0.39409228667790525,-0.3972737840111743,-0.3962951578798053,-0.3840196088255221,-0.3684503783726555,-0.3555815667034469,-0.3431433561935348,-0.333626860416693,-0.3231674052278434,-0.3143325764406448,-0.3789098469722466,-0.29636096221022007,-0.13559658674936625,0.14146832717447522,0.17106774533181587,0.32456335819590265,-0.27875413787657155,-0.11595030431847306,0.0884219453805189,0.25755082677671426,0.380434386826749,-0.2730078185887783,-0.19887631214205273,0.10317642699691866,0.2809520580254211,0.35004098131083683,-0.24440116259158515,0.064717196445917,0.11129994334132276,-0.07817233608324917,-0.10364522176099929,0.1329822326653134,-0.11982141612448095
WSR6,0.6666966873770763,0.7099249639233012,0.7473863912530966,0.789118872855542,0.8360968774249724,0.9038723039137193,1.0,0.8529715807513106,0.7068158665682794,0.6214378530093329,0.5680657160516573,0.5261346641328283,0.4872279714964023,0.447667575177685,0.4064342592190802,0.37714664002445347,0.33365993111886555,0.2711642141413861,0.2547434480489046,0.2622704520466592,0.2675317196388621,0.30664242430077787,0.33017482817633714,0.3515346276085577,0.5344998048252051,0.7363090918145373,-0.08850441585960363,-0.07934548124047472,-0.07350741931395799,-0.07131990907016397,-0.07322064725565086,-0.07857770306448732,-0.09792278074921185,-0.15217359875107375,-0.2260008487779643,-0.28604996665474813,-0.32602301173887954,-0.3410455929799019,-0.3516669596646809,-0.3537233377139447,-0.3555195666582581,-0.3580303631329514,-0.3561220004995441,-0.34296507979245394,-0.3248691239225079,-0.31197239117857767,-0.3005375111157933,-0.291786947624032,-0.28198175578342094,-0.27376290600155917,-0.3348683641561093,-0.2512857576104995,-0.09865017395273538,0.15132468561850632,0.15456154256497712,0.322597577955871,-0.25772135968607673,-0.08076559966067473,0.08741603166329905,0.22287338655607286,0.36416799612256445,-0.2364223356621957,-0.15242502274255817,0.09276476308160674,0.24120589528071074,0.3420599758472175,-0.20233633400579726,0.0825650461833155,0.12307124130142658,-0.09442083598867035,-0.10368010198340419,0.12435821557829677,-0.12703681176234996
WSR7,0.5978707464809971,0.6417758188672191,0.6746567840651291,0.7085198936022062,0.7355378288205914,0.7574884835392957,0.8529715807513106,1.0,0.8522646319402105,0.6916086444808185,0.590443459215023,0.5244395561402059,0.4699936543877493,0.4208284123024098,0.37916113242027877,0.35683341141564484,0.32733625271344857,0.30166217027276765,0.30347002563325115,0.29104806938994154,0.28598799381293727,0.30821265861939035,0.31875638579933047,0.3313870053794413,0.5250866528549437,0.7190311303075443,0.05183615327251916,0.05783252077758351,0.0619930734510335,0.06316122345190128,0.060531543914897186,0.0549808226700688,0.04507610037445406,0.010202746629630175,-0.057378133204672284,-0.11492974721293385,-0.15510355619623897,-0.1718659633403294,-0.18374535477706894,-0.18670829356588337,-0.18833487176131952,-0.18949582411960258,-0.1846726488365027,-0.16947509374243402,-0.15319885021706495,-0.14421163881440344,-0.13548454762782444,-0.1321130859078544,-0.1266984676830443,-0.12270468200606013,-0.16459460435680914,-0.08779479983806977,0.035478951224500024,0.1409876944829914,0.09387644445120001,0.29135672005140695,-0.19866843471105433,0.03254328221742413,0.10054418369333655,0.11399303383471845,0.2903682568667478,-0.12678873012820557,-0.027437079154907108,0.08123763146325011,0.12110178668120787,0.2570868022844565,-0.07897284172570608,0.13801589289010088,0.1549534895814722,-0.15423549425234753,-0.11028831760202444,0.08380391331396547,-0.11884169850765956
WSR8,0.5436681669658935,0.5769506874057503,0.6083644348035823,0.6265372289218043,0.6294983489645236,0.6497721559236077,0.7068158665682794,0.8522646319402105,1.0,0.8366790175105585,0.6918887222990366,0.5880850089693587,0.5248426645957109,0.4620937852370558,0.4168754239691783,0.38819174973662585,0.36521645510928435,0.34190238176418514,0.3294348961381263,0.32072045801111293,0.3022152349959135,0.31657600956898024,0.31738460884542447,0.3240718751826535,0.5555204275758384,0.7214256297767941,0.04334791604652413,0.04679150047391555,0.048764021125901426,0.0494969193566049,0.04639977223966148,0.04044260121575737,0.03383307558020784,0.01578722666523599,-0.031111633370063892,-0.07780189823040722,-0.1137417861959092,-0.1290287349577673,-0.13993823096581295,-0.1431413377465661,-0.14490931797779522,-0.14634992916744177,-0.14333824203687937,-0.1316356122841956,-0.1212156938401541,-0.11795707421032008,-0.11253457542987517,-0.11159395104894797,-0.11029406815649818,-0.10742719877677041,-0.12938652595638356,-0.0677583181380133,0.02499383214397979,0.048758592736739916,0.11594354389162585,0.22988317929308394,-0.18232974086344622,0.021741876517973272,0.04188937782032716,0.12397302030213218,0.21184117106385927,-0.12259957336003609,-0.04902060434022872,0.03753843525577432,0.11398417407684266,0.1794916620284517,-0.08566596259062746,0.07136073880371994,0.09149469940687871,-0.1349011834382137,-0.06771775786873095,0.022177461102212387,-0.14100531415858147
WSR9,0.5015770285361457,0.5279540423226979,0.5614793639639322,0.5755968221736432,0.5690869683023136,0.5847750769797712,0.6214378530093329,0.6916086444808185,0.8366790175105585,1.0,0.86719439236161,0.7378679680824881,0.6607270128196994,0.5977238144630624,0.5390736968549913,0.5027490676609845,0.4609581943550548,0.40270056633328744,0.3651565958957662,0.3582648480645325,0.3451987195348652,0.3667953028282445,0.361150222702553,0.3673751073545121,0.6462650090359011,0.7675101150396386,-0.08111349607967408,-0.07610110550482645,-0.07401718647862435,-0.07174072375319251,-0.07197545602994318,-0.07485928241072545,-0.08242429341826842,-0.10021175724132794,-0.13022779034826737,-0.16490734836721332,-0.19471886562630408,-0.2104122812319461,-0.2189590089179217,-0.22179716287605297,-0.22748690745741987,-0.23266021510471588,-0.2340359458478885,-0.23015977994966796,-0.22565020583412468,-0.22093828115944544,-0.21485039897627628,-0.21234887046047993,-0.2095499519725784,-0.2033328883387199,-0.22067353323797761,-0.17247601410340618,-0.11062394961455708,-0.03536245549619977,0.1858896918137412,0.21559434143663553,-0.21261385596644986,-0.07968256056988963,-0.05741826606348227,0.2172608415524133,0.19248749996282896,-0.2117199216723375,-0.1636968171041256,-0.021767594859457153,0.21840483770071165,0.16703228512472823,-0.19196438415722586,-0.063752309216379,-0.01968846162045398,-0.057820771145451484,-0.05606106236442267,-0.04233379803192125,-0.18504126128942014
WSR10,0.46852185236765026,0.4872123952632138,0.5166398852873468,0.529826759058772,0.5265713783283893,0.5384838614243599,0.5680657160516573,0.590443459215023,0.6918887222990366,0.86719439236161,1.0,0.8824372176622429,0.793160964831724,0.7248404937573893,0.6558298173191727,0.605912029224232,0.5486748194120367,0.46179783790305867,0.4036404131442029,0.39516328502410986,0.3894140365070591,0.4067359317894968,0.41120952782764547,0.4062319640010256,0.7280268895930636,0.800677929264809,-0.15432074169440302,-0.1480054830625331,-0.1436272958647215,-0.14047900430741084,-0.13793810247398783,-0.13823840782313437,-0.14543961922599172,-0.16451695214123696,-0.18781298980896516,-0.20269028839310516,-0.22301904581562057,-0.2381951778366163,-0.25176746867485145,-0.25736492979692216,-0.2659150642290766,-0.27436575431214566,-0.28042278772902124,-0.2804656110673966,-0.2751363692152099,-0.2687685442007968,-0.2611913738161535,-0.25677834249956605,-0.251145762585678,-0.24321595929338052,-0.26608624979970535,-0.22522516595998632,-0.1888090008521277,-0.07775359821728968,0.21398391814713005,0.24719831568925968,-0.23828635973449203,-0.13828271987917284,-0.11377231473212442,0.259881594083999,0.22421371874093468,-0.27049920847858566,-0.2361522991040304,-0.04412906657110077,0.27730531875785175,0.1936297768070999,-0.2587073552561247,-0.13574278664457445,-0.07177577413400883,-0.025045731456348787,-0.09931685574595313,-0.018415833522142495,-0.1923118304569992
WSR11,0.44213596728014937,0.46245426021424946,0.4927430094950826,0.5074470588639145,0.5047518800062805,0.5089255132379423,0.5261346641328283,0.5244395561402059,0.5880850089693587,0.7378679680824881,0.8824372176622429,1.0,0.883797065531222,0.8020928727956864,0.7336197406940231,0.6651950545253934,0.590780509924286,0.4992038538368863,0.4228663771345767,0.4012278674600178,0.40488611484772263,0.4256181814052131,0.43979062327394264,0.43792049581900644,0.75825107175893,0.8055928856686346,-0.19116240407792418,-0.1830186587260531,-0.17636489290984683,-0.1723140022176451,-0.1688389871298547,-0.16766066685026068,-0.17323752587649646,-0.19399114097577622,-0.21720036094992712,-0.22951578133867492,-0.2416853529243019,-0.2552456138942057,-0.2717357364965046,-0.2808966278087735,-0.29099070239449865,-0.30037957702007134,-0.3075588064082873,-0.3070860563347506,-0.300340823553618,-0.29166462760337736,-0.2819218784901436,-0.275311726823177,-0.2689890555746854,-0.26024821123831454,-0.2922867040795083,-0.25186990610627996,-0.2221654928959337,-0.07216129358261314,0.19988484928422773,0.2720387438585778,-0.25076613419674965,-0.16948511752472964,-0.12144469288342165,0.26330473869802296,0.25040181465568956,-0.2990786882874513,-0.2683405888569867,-0.035419376459975956,0.2923972597970722,0.21799503577517926,-0.29028302959119523,-0.15408315987823276,-0.08009074315665533,-0.012863082429097629,-0.12539633175150275,-0.007158830043362715,-0.18811899169594415
WSR12,0.4167314610809887,0.429628524485868,0.4663349621078021,0.4807404236853272,0.4829341243180836,0.4827928199707099,0.4872279714964023,0.4699936543877493,0.5248426645957109,0.6607270128196994,0.793160964831724,0.883797065531222,1.0,0.8886402287798503,0.7961520598772187,0.7222196260200944,0.6393105464942331,0.5278727153456717,0.4378678014788985,0.40954956994108327,0.4140883152534578,0.43306069434024747,0.4503467468535115,0.4437329009625177,0.7663238147719972,0.798847235916035,-0.1853952342255715,-0.17606751613344218,-0.16971564912188988,-0.1652529167468598,-0.1614821873011633,-0.1593354661988429,-0.16354013978067106,-0.18352302733704795,-0.2070479326118261,-0.21978300770728346,-0.23212477541640877,-0.23895925688923894,-0.2570431972999283,-0.27482268582801306,-0.2888764059367093,-0.2990861213829845,-0.3081222287655596,-0.30725412434631083,-0.2986138165547368,-0.28786612977302134,-0.27547911612762216,-0.26750742512406345,-0.25978918201509793,-0.25018004413808115,-0.2859926539459442,-0.24441426028165208,-0.22044037852662277,-0.06112131718583301,0.18779275086252223,0.2768250883107601,-0.23880370522582509,-0.164301871157264,-0.12215687457314639,0.24957026264128043,0.256520254843097,-0.28746479085030446,-0.25631732897075804,-0.031445516119729976,0.2878332949753478,0.21576135795513574,-0.2791612526967586,-0.14856985787905647,-0.071315862516319,-0.008072389778319594,-0.11448980337714498,-0.01900486866455029,-0.19355356972509488
WSR13,0.38671269104518363,0.395454068000093,0.4313965853318125,0.4434631510682617,0.4400486259511601,0.44499348179989207,0.447667575177685,0.4208284123024098,0.4620937852370558,0.5977238144630624,0.7248404937573893,0.8020928727956864,0.8886402287798503,1.0,0.8855951229876463,0.8028054361247186,0.7095672334060448,0.5825079347268172,0.47509901873786364,0.4384115733067854,0.44053057090902403,0.44561099826606804,0.448616369876877,0.44436434467151725,0.782352864189203,0.7898391309270191,-0.16230304485564223,-0.1519630045900617,-0.14631462513429577,-0.14234971567429966,-0.13842759500388807,-0.1372520035035581,-0.1413516134890345,-0.15892808251363238,-0.17955346005790135,-0.1922190990075895,-0.20518938778398307,-0.21220495112760251,-0.22088211917090134,-0.235883110967418,-0.2564037496433741,-0.2725115280030927,-0.2850147508266127,-0.2839526378459369,-0.27423452903138185,-0.2620808847906003,-0.2480650817583818,-0.2388087532805958,-0.22951229648330435,-0.2198145997849679,-0.25895097271608547,-0.21665768434723576,-0.19739406896299028,-0.061284751369343055,0.16509783453946758,0.2820568630582108,-0.23447173050000006,-0.14461040751203189,-0.11818128105881334,0.21768240883793974,0.2691306235488051,-0.27253885950943785,-0.23571085284846405,-0.02536168976242957,0.25854266640587004,0.2220869650883172,-0.2618282362463711,-0.13842163354851533,-0.06335317830053146,-0.02553107236956501,-0.12502497972421622,-0.013173425878551557,-0.17238275759970273
WSR14,0.34510551329179046,0.35139362753266734,0.38886554103944737,0.39927353698311846,0.39197487501056594,0.40028895558044736,0.4064342592190802,0.37916113242027877,0.4168754239691783,0.5390736968549913,0.6558298173191727,0.7336197406940231,0.7961520598772187,0.8855951229876463,1.0,0.8880496642596726,0.7778010464089952,0.6373594090811072,0.5228708625938432,0.4658883612275723,0.45643517980323184,0.4507223940792602,0.4470407058023629,0.4365797105261489,0.7776084663159213,0.7675640418779626,-0.12769447448158336,-0.11850103327619936,-0.1134315876383556,-0.10733338090344167,-0.1026236018066227,-0.10132466452590876,-0.1034196112758963,-0.11809666348294125,-0.13335910434960063,-0.14222511752758374,-0.1535969378319848,-0.15695773962325374,-0.16275953731515416,-0.1696530511643767,-0.19542480480503854,-0.21777826350289536,-0.23102861600832886,-0.23153487185331836,-0.22258034425788228,-0.21043176431071028,-0.19685661016533965,-0.18765804780705508,-0.17935351891787318,-0.17012857471181092,-0.204607159358635,-0.1670929673028503,-0.1623415958222344,-0.060691095802940305,0.12872108037195346,0.28204429069728393,-0.2055107407908452,-0.11394178182547098,-0.13260477200510543,0.17423006497080976,0.24677291968929355,-0.23373684371051734,-0.2111533520499689,-0.04235162563308035,0.20999425066937596,0.1847366150701275,-0.22453871570591014,-0.13187667375533632,-0.04713456111481665,-0.031644228295221385,-0.12898799667009772,-0.04806566687841335,-0.14431952059185768
WSR15,0.33187453926947424,0.3386770381853868,0.3621177137852161,0.36410309095902127,0.358996465542272,0.36968007832524025,0.37714664002445347,0.35683341141564484,0.38819174973662585,0.5027490676609845,0.605912029224232,0.6651950545253934,0.7222196260200944,0.8028054361247186,0.8880496642596726,1.0,0.8688636105304576,0.7193062910438229,0.583822658863295,0.5074476216632895,0.4891610363280467,0.47561598655767917,0.4668143492578224,0.44725356977400144,0.7741485675604781,0.7547367045885646,-0.08482926429135132,-0.07537808472181816,-0.07128298852285413,-0.0670242202610101,-0.06400840340573305,-0.062359066995068387,-0.06384991365905272,-0.07465387978101096,-0.08698915582285346,-0.09502610783227214,-0.10472142433849663,-0.10585585946101307,-0.11079892948587532,-0.1185422916727181,-0.13467380361361442,-0.16324771937984045,-0.18860262110728965,-0.19130931421742178,-0.1823716843979651,-0.1687790934936262,-0.1558353960281404,-0.1473268780907181,-0.1377619363454984,-0.1283058114538125,-0.15043478174551603,-0.12079639067217371,-0.11566982535158922,-0.06127427525591555,0.10417736710342156,0.2859458336584936,-0.2000318185565217,-0.07571873621561932,-0.1320980114236084,0.13352979659239195,0.23497422774433843,-0.20763283721892797,-0.1820081053406103,-0.04483627499615165,0.1644912466966132,0.16994229305760997,-0.19322857384109696,-0.11448215117587841,-0.024990038879930034,-0.06253565396650546,-0.13515499793686664,-0.0587199630214411,-0.1043431917855835
WSR16,0.3072535462936986,0.31243198123543603,0.3298094155934277,0.32477536201318447,0.3147334909750377,0.31770555693031943,0.33365993111886555,0.32733625271344857,0.36521645510928435,0.4609581943550548,0.5486748194120367,0.590780509924286,0.6393105464942331,0.7095672334060448,0.7778010464089952,0.8688636105304576,1.0,0.841560365417534,0.6803991344954541,0.5826273747337712,0.5437524339576617,0.5135457045634251,0.4877031574876607,0.4581222035144035,0.7366698787182805,0.7312944539321714,-0.05083544133899092,-0.044417518706993175,-0.041394421496339054,-0.037080528514862765,-0.03459748822898876,-0.03270933090024304,-0.03145833935850859,-0.034748640233457403,-0.044122973674552916,-0.051262640938281444,-0.05996958479343347,-0.06094863221725377,-0.06110355762035306,-0.0659608913964051,-0.07493102677369137,-0.09066193311362081,-0.11721683127516412,-0.12755219063873108,-0.12142209750992256,-0.11057686842221078,-0.09947589409966842,-0.09149748084958433,-0.083513412071413,-0.07573278091720057,-0.0930441429646516,-0.07149262966845499,-0.0763185862336113,-0.06977834772948006,0.0638441970391069,0.28043844896555287,-0.18089650039909186,-0.045360351348595895,-0.13252046127158404,0.09041039133971664,0.20962284510129958,-0.1745026269245537,-0.16507102337122753,-0.059089782065326314,0.11962093898111341,0.1417633235974945,-0.1620726049197186,-0.10083319677201381,-0.005994106427930478,-0.07490529057913803,-0.13132085588060627,-0.06090333318602815,-0.052222430009697465
WSR17,0.2570652686277197,0.2590341483587398,0.26697749586818026,0.2587145765239435,0.24139210650367793,0.24662970394331843,0.2711642141413861,0.30166217027276765,0.34190238176418514,0.40270056633328744,0.46179783790305867,0.4992038538368863,0.5278727153456717,0.5825079347268172,0.6373594090811072,0.7193062910438229,0.841560365417534,1.0,0.8483303491979972,0.7166736881321327,0.6611756299417613,0.6079485054987332,0.5591147822577173,0.5159678774565983,0.6666016559783381,0.6904708319695809,0.06058523972570452,0.06576190254225314,0.06784786817705538,0.07203836245071206,0.07480680132417088,0.07757406488431727,0.08400576803131375,0.08735624095735943,0.07614375919054994,0.06303558449467295,0.05103438387346016,0.046778083327524866,0.04638818657914442,0.04201883866607084,0.03608423524977909,0.02726522585016311,0.010956815334732296,0.0003857319031237768,0.008866681265402927,0.021000997821725514,0.03177821122161052,0.04015734731395714,0.047215637524380766,0.053575737001806484,0.02192797800898331,0.05144834743950772,0.02776927768555941,-0.019300484262619887,0.024618184800600806,0.3062477764550373,-0.12815201527022882,0.03532028813157235,-0.08757914589635248,0.029639539934340802,0.19771394468362247,-0.08143585484420218,-0.0943878719712216,-0.03320524238539815,0.04245219330957431,0.09398896316625983,-0.06806995363287244,-0.015849302132736495,0.07913071178211026,-0.11603193223893321,-0.12693642880230374,-0.026091362269025295,-0.00998490931844538
WSR18,0.24475713961422613,0.23985373029803186,0.24154837335923943,0.23963493360015964,0.22063998389705625,0.22442336536263027,0.2547434480489046,0.30347002563325115,0.3294348961381263,0.3651565958957662,0.4036404131442029,0.4228663771345767,0.4378678014788985,0.47509901873786364,0.5228708625938432,0.583822658863295,0.6803991344954541,0.8483303491979972,1.0,0.8566542923765395,0.7634991869701444,0.6919420692764694,0.628471228450226,0.5802978173589436,0.5932938610159483,0.6600045774856556,0.12255190750038654,0.1279776472880306,0.13301848554988263,0.13828925529281555,0.14314593139203144,0.14720314304356208,0.15667167925524558,0.1559403812889414,0.14006567346430102,0.12112546902478481,0.10568994027050185,0.0981174791736136,0.09045122226229152,0.08165012909969763,0.06983373596484885,0.05890003140917329,0.04438954480459328,0.04270094226598861,0.05278979778962104,0.07423319937866218,0.09305672807890095,0.10661423215769159,0.11909226748161507,0.1308074219235073,0.06877255328282011,0.11011338525801988,0.0857112570484284,0.011290040653793175,-0.01448724878512009,0.3430454163712796,-0.058185628732071885,0.1053531294827911,-0.06655844625836305,-0.03308911879727248,0.20121804753542594,0.005982417501214236,-0.03265461494410488,-0.011208500700983852,-0.01713334423134914,0.06320903900792256,0.015696939856361388,0.020036588853979485,0.10554540010124593,-0.09799667750837049,-0.15258635984779473,0.005437096483010273,-0.0054694911651444866
WSR19,0.2646579887296205,0.25348190112783864,0.2571784592032416,0.25953069690585695,0.23824542429768714,0.2465548200168494,0.2622704520466592,0.29104806938994154,0.32072045801111293,0.3582648480645325,0.39516328502410986,0.4012278674600178,0.40954956994108327,0.4384115733067854,0.4658883612275723,0.5074476216632895,0.5826273747337712,0.7166736881321327,0.8566542923765395,1.0,0.8892578314580456,0.7940877456261622,0.7277948808984303,0.6726902516986119,0.5460217732472658,0.6613660245160539,0.09898948081679491,0.10694445270796958,0.11433415483475617,0.12174378775886241,0.12845537829816647,0.13333593110127617,0.14127536397837837,0.1348861985123491,0.11294029400396127,0.0900205936501684,0.07340018828567986,0.06384477970007817,0.05519361339558033,0.04531718143212339,0.032895418060131645,0.0179667192862618,0.002507548923775891,0.0007626451050548053,0.016963366256045168,0.03951680296644951,0.059922911078861225,0.07606669885974353,0.08963087364627556,0.1031563021947303,0.03421815706656593,0.08019187874225146,0.07624168160795866,0.00443317413102534,0.02951286591442896,0.3766515016116314,-0.05664190693378656,0.10202267772904351,-0.06500316898770796,-0.0012489395968106813,0.23162521064944602,0.004055835203647617,-0.03603676765415749,0.00024596110012639784,0.025485859930690222,0.06915152839809338,0.011863521493132205,0.01630618421874067,0.09196595358892865,-0.08003586886585358,-0.18444236641915654,0.03935392222981654,-0.018509565320414013
WSR20,0.2794645060106713,0.26340005912491543,0.2655408579879126,0.268701311347615,0.24806206295021224,0.25341714914712216,0.2675317196388621,0.28598799381293727,0.3022152349959135,0.3451987195348652,0.3894140365070591,0.40488611484772263,0.4140883152534578,0.44053057090902403,0.45643517980323184,0.4891610363280467,0.5437524339576617,0.6611756299417613,0.7634991869701444,0.8892578314580456,1.0,0.8860733580962449,0.7960633971144515,0.7368188153784829,0.5403653489307838,0.6649798234615034,0.0750620724499496,0.0853287413321852,0.09378772315645907,0.10142097962626322,0.10820200734690867,0.11206236329244174,0.11695793642564725,0.1047145654277123,0.07744120526679321,0.05128622487597044,0.03424171421707519,0.023685546037743976,0.014241716986526567,0.0010917387098833451,-0.011808046883449066,-0.024261155611730395,-0.03955218020203372,-0.04034917387010015,-0.02120217877695805,0.006009137122275577,0.028471536125312766,0.046074113245959974,0.06008175694027115,0.07284125139162705,-0.008140841530229382,0.04591995832049925,0.05376519730088249,0.005709260693851722,0.057523715709113514,0.38441178947260923,-0.05817412342809157,0.07559788617081249,-0.05128400922591239,0.032297474506407554,0.2438184891341144,-0.01026581878740594,-0.05666046579983003,0.007849287569324204,0.05860601045701907,0.09560535305912096,-0.008428400977149957,0.017293532300956795,0.08911368425033389,-0.0647608140298655,-0.17771096723956897,0.03783257198812717,-0.03659464148720918
WSR21,0.3261474894120667,0.3141591474795659,0.3198129093487989,0.3169014681979107,0.2937540589703164,0.2994356001888975,0.30664242430077787,0.30821265861939035,0.31657600956898024,0.3667953028282445,0.4067359317894968,0.4256181814052131,0.43306069434024747,0.44561099826606804,0.4507223940792602,0.47561598655767917,0.5135457045634251,0.6079485054987332,0.6919420692764694,0.7940877456261622,0.8860733580962449,1.0,0.9027942680214696,0.8305520276060203,0.546836517833718,0.6864384423100366,0.0638206548527323,0.0752253506445143,0.0837778057548789,0.09178116263037098,0.09722591232459504,0.10136755475219525,0.10288351632846648,0.08480664874309223,0.053938173893307795,0.024091049656834583,0.006071534460202342,-0.005657638036286364,-0.01656429910736809,-0.029595739670873544,-0.04174501781404758,-0.05724641050224623,-0.07321002203287426,-0.07222217227519205,-0.050449842979244035,-0.021426259520795767,0.0034286609324867415,0.02138478947116292,0.03257567683417122,0.043769936028957256,-0.03551709517473374,0.022069301619484095,0.037784197858315285,0.037526202792247075,0.07616824861362657,0.38929786061400107,-0.07595600416984158,0.06057961462840563,-0.023620802309188012,0.05302559554352275,0.2640432921199208,-0.031584792114451046,-0.0650473405626599,0.03369617863438622,0.08079207019116048,0.1237055287673287,-0.025352811146558404,0.0368672079428104,0.1012904421757541,-0.06623467730295597,-0.19539706675777127,0.05612442543807574,-0.06335636565555079
WSR22,0.3355063372542281,0.3253646531654074,0.33410223915593007,0.3342016855802827,0.3124533686252465,0.3211269412547089,0.33017482817633714,0.31875638579933047,0.31738460884542447,0.361150222702553,0.41120952782764547,0.43979062327394264,0.4503467468535115,0.448616369876877,0.4470407058023629,0.4668143492578224,0.4877031574876607,0.5591147822577173,0.628471228450226,0.7277948808984303,0.7960633971144515,0.9027942680214696,1.0,0.9126516195605291,0.540643223378415,0.6831940894272872,0.028952249079826933,0.041567801626466665,0.051483207093295145,0.06108862993754233,0.06771230169172873,0.07361927199157238,0.07384578530690585,0.05173570243026193,0.016665445901157865,-0.013145440258817928,-0.03144207249826678,-0.04386147941914397,-0.05427429410316373,-0.06680802818801053,-0.0789969002771926,-0.09712954180696393,-0.11347418965016427,-0.11169697887341498,-0.08802475230441961,-0.05786258264577678,-0.03058608361680373,-0.011791797809056268,0.004154748662192136,0.01709350263142482,-0.07407014039456833,-0.013376448352294908,0.00808748311996084,0.045228003387638153,0.08758454354213385,0.38961688599818206,-0.09429928203436871,0.04445975451872243,-0.020656942327971505,0.08337638130435347,0.27512418556731216,-0.05852983854527168,-0.08512979922467646,0.039768329116537667,0.12106771297997276,0.1389478943522939,-0.051496859173034856,0.025988099580792165,0.09176218341540032,-0.05688516955303239,-0.19688138597669586,0.10100108161986862,-0.07692179342799331
WSR23,0.34733320255552863,0.3396492598190103,0.3494590761415086,0.3482875553093447,0.3322263037072859,0.3452575086799935,0.3515346276085577,0.3313870053794413,0.3240718751826535,0.3673751073545121,0.4062319640010256,0.43792049581900644,0.4437329009625177,0.44436434467151725,0.4365797105261489,0.44725356977400144,0.4581222035144035,0.5159678774565983,0.5802978173589436,0.6726902516986119,0.7368188153784829,0.8305520276060203,0.9126516195605291,1.0,0.5288507267135274,0.6719833433858907,0.015712769908402386,0.028411865964486544,0.0389646471229948,0.0497581699537764,0.05725771150308297,0.06247602087903928,0.06032147043591002,0.035096553871222354,-0.0014618653945836114,-0.03262229740104846,-0.050141332539986705,-0.0629846007339998,-0.0742915983510192,-0.08616693642447848,-0.09657249068184175,-0.11273387620786399,-0.12811001401340344,-0.12767804409524816,-0.10514606750193153,-0.07676446533870086,-0.05035618066082728,-0.03186611690961043,-0.013000156659534155,0.0058935955582661145,-0.09098813251151643,-0.029877811395794613,0.002709585995883449,0.04872317910775683,0.11171170786653743,0.3980965805084336,-0.09689836224760127,0.04176102926361269,-0.03953480190723663,0.10992806636688228,0.2877397729604642,-0.06314402071802702,-0.08745351502062426,0.02468684857331894,0.1518801834985256,0.15397696619501164,-0.05478322693591608,0.011653365023439378,0.08722404324520039,-0.05095746411161432,-0.1880269359086138,0.11210754127322167,-0.08548933693861328
WSR_PK,0.5080923837959863,0.5182992922468552,0.5360793867078095,0.5337697829107073,0.5251904799729634,0.527875921165602,0.5344998048252051,0.5250866528549437,0.5555204275758384,0.6462650090359011,0.7280268895930636,0.75825107175893,0.7663238147719972,0.782352864189203,0.7776084663159213,0.7741485675604781,0.7366698787182805,0.6666016559783381,0.5932938610159483,0.5460217732472658,0.5403653489307838,0.546836517833718,0.540643223378415,0.5288507267135274,1.0,0.8469795642617549,-0.06504095891882423,-0.05619220352964347,-0.05239624401079475,-0.04837600783951132,-0.04668478842995909,-0.04682247685318512,-0.052678258120291144,-0.07380136532640258,-0.10528150549986197,-0.1313407794070796,-0.15310483008122797,-0.1664691547655491,-0.18251742462639733,-0.19456215925671955,-0.2106560211742779,-0.2284163408618211,-0.242530003550025,-0.24213585646794467,-0.23186533436323567,-0.21941440361782974,-0.20743598195996105,-0.20030821576336028,-0.19397537652044086,-0.18679339385918878,-0.18811479169205608,-0.15307303635287065,-0.11185630586276321,0.01130762432205417,0.18393301897398878,0.3649006454382847,-0.2763219076315726,-0.10357202657144762,-0.0478455176952389,0.20832965759476862,0.33395714185440967,-0.2680611014510837,-0.22376182376365003,0.01986527348056769,0.22575237736855228,0.26834269279959316,-0.24805183932914845,-0.029437449379069922,0.057263271799514126,-0.1279465819185825,-0.19762719058539224,0.10164808053793561,-0.12055936554661338
WSR_AV,0.6862222421039428,0.7076494970536279,0.7347911950347812,0.7424398426711489,0.7305061409943673,0.7294528014041161,0.7363090918145373,0.7190311303075443,0.7214256297767941,0.7675101150396386,0.800677929264809,0.8055928856686346,0.798847235916035,0.7898391309270191,0.7675640418779626,0.7547367045885646,0.7312944539321714,0.6904708319695809,0.6600045774856556,0.6613660245160539,0.6649798234615034,0.6864384423100366,0.6831940894272872,0.6719833433858907,0.8469795642617549,1.0,-0.06545836390244025,-0.053740423673302916,-0.04672443723633349,-0.04146239622347022,-0.04013391583319903,-0.04180495558775897,-0.050952607329732884,-0.08638231529004536,-0.13810323888495413,-0.1812955103443935,-0.21299176996247532,-0.22778854016722702,-0.24008096012313412,-0.24788712566763973,-0.259432229351261,-0.27220799846243954,-0.28381740884041623,-0.2794246959968141,-0.26272122272591186,-0.2436457188680601,-0.22501239503333947,-0.2125595331705185,-0.2014658295721556,-0.18932691327133525,-0.25374906186342133,-0.1780307580614139,-0.09992034463523465,0.04083856748033952,0.18803634107427208,0.43987835875552866,-0.26344083591500184,-0.061039782131109416,-0.03654843679250777,0.22645690206997385,0.3897283902845046,-0.24194772828060832,-0.2021132933883116,0.034726224524348745,0.2545353507561071,0.2946282683027821,-0.21638192835107387,-0.011739459203950475,0.07575517780333883,-0.10099426716859487,-0.17746260961422652,0.051720455195555785,-0.15370583392725592
T0,-0.005999031810775626,-0.03326597433323294,-0.06721526505817238,-0.09654403148296387,-0.12325406882837855,-0.13323167037641437,-0.08850441585960363,0.05183615327251916,0.04334791604652413,-0.08111349607967408,-0.15432074169440302,-0.19116240407792418,-0.1853952342255715,-0.16230304485564223,-0.12769447448158336,-0.08482926429135132,-0.05083544133899092,0.06058523972570452,0.12255190750038654,0.09898948081679491,0.0750620724499496,0.0638206548527323,0.028952249079826933,0.015712769908402386,-0.06504095891882423,-0.06545836390244025,1.0,0.9977062344945747,0.9930413737871832,0.9880614380376812,0.9820072713508048,0.976226862682853,0.9716723181756893,0.9657487043328277,0.9493233530463386,0.9225488999946239,0.8980932489323405,0.8799048325979562,0.8624678023282603,0.8475328659782654,0.8364483611709775,0.827409402483958,0.8272350796609006,0.8390449329096109,0.8594953971343247,0.8722028374631026,0.876193708273236,0.8755788182570607,0.8706944082699062,0.8650426092875388,0.883726494076251,0.9442691797066292,0.8754948369536804,0.415899521510935,-0.3420982391684691,0.39429596559192975,0.23853990770972072,0.7799197447677606,0.2652413525676158,-0.5824329876240644,0.18516086514339303,0.6261350710023149,0.7521369911127558,0.16956853084087314,-0.6421009709312884,-0.023318453254318774,0.7541416638424916,0.6207550265919889,0.5955900418417083,-0.5508183883446488,-0.2360615163735657,0.08932463973749796,0.09705445700894615
